100
1 1 16 10
100 120 256 144
1 1 999 999
998 998 999 999
1 998 999 999
998 1 999 999
1 1 2 2
221 124 556 364
280 7 687 617
112 533 303 534
456 672 778 822
471 239 944 344
138 427 387 773
266 140 828 248
241 484 867 485
354 126 355 719
386 445 913 598
212 676 666 981
417 204 958 543
12 510 677 573
561 544 931 725
292 189 596 287
316 528 317 529
112 22 649 171
494 414 669 752
294 426 867 433
447 136 664 321
381 452 820 913
166 346 597 850
468 169 996 749
318 605 826 975
384 168 960 215
477 665 598 666
42 28 209 43
149 469 602 471
72 558 370 920
396 287 397 340
607 114 663 579
533 446 576 540
484 634 646 940
621 321 758 503
1 66 117 359
398 605 676 606
11 462 337 928
121 474 604 596
161 368 673 966
607 306 952 416
611 450 612 578
595 524 948 525
577 405 668 894
265 580 407 774
499 370 500 371
301 188 541 796
110 620 544 965
61 182 152 632
275 528 545 529
10 551 692 582
515 7 963 113
416 380 417 689
434 572 522 656
427 399 849 825
125 501 190 502
372 620 423 958
409 456 662 457
542 409 964 941
444 415 545 673
379 127 676 224
202 424 862 713
40 141 140 338
101 361 108 683
232 182 253 757
46 370 189 376
542 97 673 769
307 324 483 325
195 436 701 781
549 306 550 548
416 68 675 286
477 123 537 168
84 99 213 599
177 203 300 834
306 456 486 509
458 119 585 603
137 160 542 662
219 255 470 283
136 586 474 590
616 411 948 882
532 694 753 718
82 501 720 502
533 683 714 988
135 287 472 618
608 592 917 688
77 175 221 229
624 155 625 254
170 351 599 681
222 81 336 522
135 621 363 622
252 224 935 910
315 11 316 97
113 61 811 393
403 222 983 624
