1000
3 4
5 11
10 13
1 1
99999999 99999999
99999999 1
1 99999999
5086818 79945409
25671728 37794208
3784065 93040025
14602700 77912014
74583523 29097794
30492670 66818468
29400460 71828789
38479707 26872451
58222243 48429479
73006832 66816639
20624602 89050611
23847509 41108527
28224449 16028568
94885832 91353635
18890365 89452127
91339841 38125402
19822902 43382750
44962053 7470184
57417716 33808817
52624216 53655364
95697827 59341391
44157612 10222389
56789936 77149635
83934005 48843528
29262434 54609906
67320731 86172896
35660511 52180672
8859236 54228034
36719434 29148973
15667488 89979580
79267706 43813123
34489920 38729465
83404198 56715636
25677988 45224955
32498707 1589987
28649889 29901559
50148840 7055181
79913252 26983884
65121821 90909010
5752048 73251617
10878866 71854564
51387139 79744027
32573500 6301835
54857239 32060601
19511162 77515090
65677124 53925580
69590917 91449169
19032258 51807637
36629510 65196248
32507596 14079741
76525250 18297909
21082017 57918315
4321904 28514083
59934628 10711366
41638316 69491663
13706916 79386631
74623748 16994439
63315509 8958969
84292655 3701762
67588669 20653200
20918109 70246982
99378571 2221411
31924648 24716858
41368993 3420104
7365802 40569544
72788114 35706379
41835562 77675438
85014278 51331146
84791790 90741218
11011163 65787888
14333876 12123296
49846758 48577996
54171707 19343633
68593239 29557709
69784444 58673049
91167547 60404573
18296054 14011581
33027482 7720534
48242471 19948976
33849536 15414949
72098838 91563385
65406745 99321210
4641805 50746050
87503925 72557865
20952421 76853567
80601324 5991840
60461689 26232248
82360219 98813317
84735932 67694005
52924556 57840620
4671975 68615622
11119476 47466930
78909771 31304812
53022741 18098041
74908484 83682983
47314180 11164224
96748238 40410397
68454021 81805981
89879089 77883364
27754898 79016602
76649176 95009004
90343931 49852202
40487488 32314380
92131751 62295110
58093068 90938360
66460329 81820725
21550075 80557645
79416356 74135646
12966150 32437153
97867422 66203461
15764245 75934800
69925036 89411413
94239210 64844538
40202953 21366105
43726729 53442944
79270962 81220172
38900127 52297772
30457185 40244812
39269008 30919917
16332579 56579756
31087131 2059199
10764632 1698856
85645484 35354153
53984583 25973300
76312639 303328
95642011 98511981
11739115 59617161
13857535 4178993
67105811 84226460
29181009 23120714
81047588 12972388
91362181 52691653
53320203 99970850
29960217 72942305
10993719 53706577
16146736 85096995
45094214 37086981
37112142 828807
79667023 31786861
49299631 77549520
32830411 33017975
77997380 96265216
83312416 4667026
96408907 92083684
55949003 67961231
79796361 58481095
39890218 19595681
74880807 53829703
20994020 73306243
54976039 92444740
25332726 33526913
29569780 74799194
34652398 64189918
59948051 25438037
73181564 82351344
43414840 51420254
61083147 98643820
13250371 2996646
92083280 28386981
50604275 89506121
50261239 93158854
23225236 90695951
88882844 70258092
30280661 69578974
45810418 31641438
36209847 71767744
80479750 17531434
40767394 88129677
65930142 56369245
82908306 33738293
48964283 86384030
88865134 73651628
72802366 19101671
93355641 29407346
46565799 57916193
62754017 18898110
39946744 5458268
78685301 67538246
83020984 1731496
79378548 84832942
58154515 4147858
94596992 36429706
99819807 83359806
22258866 22762514
61482553 49932574
30120391 77249377
77806990 61481292
99121271 49734250
68542646 69719434
29132774 19331960
25535866 72985043
54854964 56011359
28426166 10347165
58991151 12955716
80980057 82497198
50714152 6534150
66565258 57971352
47249891 15787592
65243621 80818131
43729064 66702621
51524579 28887669
5450102 81838158
15699800 16725136
99853911 11400010
19743784 37213391
85215915 66682029
35555791 23765870
58581601 63066709
5200095 33406853
77994109 65574117
56183892 44985589
73018780 9943547
63861828 47854318
68675647 11086843
38299143 93351872
26300087 57398116
77534576 95469437
60383741 35180818
60469762 43339776
72634262 61739126
17102080 95126053
3036713 30279700
68107254 2148089
42212982 12600123
93650021 31356094
72899116 12224990
58535971 79517962
39307624 66925187
94389871 84300046
92885452 87789396
31233685 49608436
34951223 16443475
47716666 98838626
39222566 12107435
61944901 64630556
38044327 6900257
55020138 81892294
53963765 34621866
89432148 94944966
8411573 77619221
7588975 99342664
91531468 75659497
39089743 58112219
9835337 45654208
10040633 97070424
86953748 12124267
53717412 21194570
41638410 85473569
17480811 35909536
19727399 22587591
26960908 76530735
27684372 95633118
4448115 16142919
83019955 28190382
38359777 10500080
5319128 59879695
5089000 99337926
2432024 66196436
10681490 67380846
66006969 43771860
93277090 30630068
53205704 97537430
36216818 53170243
25686858 25855640
68935931 52961792
82480778 9254716
74751603 90733059
39668113 74497360
95965969 96158514
78825140 59855161
88880492 68488060
11462471 51355579
18757121 32623535
72603504 36743526
76774227 82815479
45933729 9506605
63949044 15315959
68517964 70643971
7054198 44503257
17688085 79201399
7302872 45721304
85106009 19557111
82059510 24437214
30063284 54205571
14185676 72319537
24264231 88507020
6935468 22655271
3508709 8337912
19738907 37465844
20436922 19369538
61223497 55404196
41439512 37496511
27470628 17705152
5488379 97731128
55189626 3657225
62635074 26459581
27726869 75500496
53321530 43777500
84245822 85740541
86601390 82619687
77526190 84134829
35937125 14714325
53702714 31141889
82350385 20137374
50972842 28643971
43254532 66432825
5399207 40962864
17578555 63128432
92497362 33304614
55116508 75911153
60091115 48402625
77689411 19117124
81963351 64716770
84381578 4558838
13703968 77551989
97231448 50155951
61571584 17486666
93668934 33906053
10923534 73194388
35792244 97056059
69969818 73394532
62108123 69015942
1131220 42837638
20244146 87055409
57287863 19222786
17659949 86949463
71394814 86132586
84821138 37693140
90997065 16763920
71783869 74983284
7655095 58694739
96420563 18699103
24709646 5628387
38610166 51459641
36823223 64484163
97402764 25012801
30850590 2287886
13241707 30686916
62451609 9226422
51716124 22392434
86411076 82886249
87402625 83902603
91235170 40912878
66681723 7075522
42498921 31723661
42775372 26065114
84796079 58326377
89870423 30140303
48230475 73938041
28155927 95814564
18203803 80141057
47144473 2859452
88287256 66244939
80913679 2185997
65075891 48404320
11044356 49469091
60415322 80563042
58476715 68509262
24506009 19528329
81400016 77748778
18047326 91444152
94342896 82843849
78291669 77549755
78559716 17216255
11414898 31085855
83642807 43404105
78524429 91522990
77103001 582106
6320678 43080941
33137732 58852170
11191765 64831869
71135936 2654351
4181044 73942989
11091482 25050169
33481372 76137357
96461115 60998527
6516775 84748884
3744359 11249834
45889401 40110501
22562254 12286657
58461085 42570215
70414724 39670813
48649443 65300572
39973268 57314354
78893792 516721
64332705 90769362
79011999 28361740
33566315 17800074
80826102 12981112
77872753 74301851
22012404 71839978
80574129 11545748
45246583 38713520
37352587 91466889
64788186 18237429
54726083 5374449
53107915 70828339
10498725 7216161
53847866 35014709
34488387 78051425
76102253 4844232
20529882 23474856
23016752 1910014
21270355 60301818
26859818 50304798
72752357 91115610
19611468 89331499
12576983 58029676
93154146 22890767
55260515 53512108
69531595 91384420
21236407 28239173
64533062 818144
73967637 23833999
82512098 22077274
65766169 41524776
55379224 42928765
53072923 29348269
17246452 23279112
13893546 49809174
49300845 77724607
39316281 40795052
10143958 60100850
80422567 21745005
85745319 76885525
83242600 54364945
44100966 59249675
34171727 42775057
62239906 42268022
67154746 21794080
79359679 24410362
68092827 3653732
22349508 92818310
55836469 99637677
18736287 96803541
64003443 99551683
82981903 35520273
98840421 46997208
84058930 47289746
27907160 79462428
75654827 12148931
51889168 93739119
16587631 86648614
19396004 29686066
41248557 43259502
58177526 73173303
47611224 36527817
45353422 52935638
70672850 2848833
35856019 47871521
34271542 37179301
76677679 30867906
97854225 69247577
26595989 56116959
62379246 44880786
99522035 24435279
84162451 44564217
2541226 18277618
75837545 94275032
50643883 63694389
10100127 37835160
75687275 32590104
59793515 89742037
38111986 18176473
25021294 44021531
13676563 37533250
31899190 295744
60847542 70362764
77342685 82202206
4824913 86567407
57933262 62421610
96236149 34022855
93236136 23806070
12905349 90499940
80756795 29351295
68221825 25886830
22535855 43092980
16366848 78486003
73817283 67592388
32620348 95437327
65099059 4650530
42968391 63265335
50416180 7568600
70766172 46299426
59591449 5858629
47592016 12176468
72748311 11251701
13504296 7014472
51309349 34287067
58632644 51704377
5956093 34864941
24074680 24302989
66917696 94396219
38728927 13390518
22048431 88257336
26747303 72269747
50450171 3051138
73144456 93432213
36255233 90834725
74196022 75661673
45945060 9406167
63853826 24356525
79611717 56760718
60233988 10219568
57656189 3544363
39251684 13788950
35236982 75168083
60172100 78622968
3005478 45124959
70442446 65838376
1889705 37765993
43425493 57247762
38013179 85590151
21700522 68879805
72980815 79852052
41933182 64604529
81773582 71259177
30066671 77407347
75345007 44702507
27451441 22975980
98480047 2607742
63961818 41280488
92128494 55642200
53070153 65785977
4987302 2706608
21250484 83899132
96208072 54074708
13088973 82441843
66511989 79228442
58966289 43060565
74606895 57312429
96627157 15240088
1489035 81863693
6898254 22827911
39442053 57382658
88805501 187590
39380354 41096590
34985431 29686824
633289 91972175
5367401 94753583
70072946 64892039
5159958 33579550
67282301 11140292
7994876 53202109
7908864 37621296
54425333 61592489
97331576 2328695
35664441 18810709
8333375 36094288
9865505 6560417
86374686 63423659
63589126 37407509
38678266 19002229
37970504 33531322
48245931 12602123
15500395 32739733
37600234 66607672
44568923 71989441
53392744 75827948
35052240 91992872
81291003 37086588
47567564 12447965
58046451 90872976
27353154 46171161
30562187 85270446
64440273 7152081
42536060 16149088
89299629 50564080
33242539 9349891
87564959 72056886
35868674 52502063
5208098 25487277
51562075 39784894
30921646 20867011
18214297 5523579
27222547 99023625
36037329 74473833
88068347 33934727
75863974 85665453
83960978 44705977
19800755 8074777
47430209 31451946
9642016 87545429
68698773 14414764
43047767 15036076
77490239 98699057
37222097 49686384
397876 1976906
88823306 89924363
63907829 81226297
47975571 82023076
54430441 73692852
79128646 34972901
62553913 95183507
8553344 24914126
57993480 8415481
9092997 84168278
45139138 60650897
58139071 59035874
63944348 88478148
34517475 30757772
1680448 98783005
34113411 57292356
34789696 71255097
97348628 40295953
85530935 22720475
41097115 19994486
46692734 49401628
22003956 71438575
68331400 10780352
72620991 74018202
77614299 53991843
81643495 14436083
69261228 35597520
5973176 86586389
88792758 88969245
9593067 97300469
44293866 62742043
84522742 76994916
38907438 49813453
80547048 45599697
38871029 59000212
22351837 48529339
58795545 70694267
20727165 85661448
82752815 45082909
79892123 37491973
99571444 89765939
48203517 19494907
93087462 8872638
16643387 34382954
4523759 73361357
15997120 77928421
56328252 94889452
15240686 91349641
30517293 36181801
14501214 57785115
31987301 6360004
35236932 12531901
99304704 88796786
9836273 8371789
75461604 94570830
50644339 57547099
95383088 93437789
74861143 26641860
81259986 86464188
57835919 39889904
77418549 52678504
49464942 48834212
58327063 11173802
30343375 77937540
87545208 20196637
45173078 21225513
23793326 50410589
59925198 8413147
62025622 18473550
64576946 70235627
38843621 11654662
91631303 92465328
16202140 87917144
62268902 72494108
51632538 72414718
35766232 67118585
2060107 22319714
30177882 99591622
26207102 15208969
26684479 1341480
48260181 7701917
51489205 40722959
16883797 77122453
53479839 90187878
42040733 66916227
69577762 32156022
36038196 66273785
30105404 62164440
75432827 71215385
71879310 1901845
2479297 9137336
73621050 3641308
22384117 93510702
89418471 1737438
10505846 51531453
66594529 98967882
55287559 46478748
26683486 62825440
13696734 76774559
66481883 32191668
35266011 21468804
27349669 48616662
75820508 85396084
34858920 14688017
35761556 48578866
20014532 5222861
57974815 55588569
64907000 85346882
45589882 23715714
73000451 81115771
84641881 21290429
85590738 77078799
8150838 44018610
25617869 19226799
56763303 94555929
88749588 50702790
82277280 68476834
7993551 35297377
58365973 11954419
157347 45745596
36669366 16051517
82810176 26460773
63631833 91776122
11948823 56947215
69778038 89365317
48961065 83187446
85768523 58278229
81661179 43625705
22828064 42056343
58867366 22830841
85270565 61684967
95450634 72408764
33605495 29386604
41859363 43028542
39047361 60507021
26858355 33620614
75600127 99598740
46381983 926656
90812510 30633181
33887254 78624268
46983744 68790714
3747564 14624482
20797275 2776039
64880581 48391711
64294657 1982629
63165420 60524977
5218682 10189429
59756675 22638556
33483405 87290482
39572949 83412262
76004638 17316171
39741383 67185893
1709297 43304156
66820974 73294435
99874188 63703913
76504506 68328619
69348411 17808758
82655055 689139
38215725 84970822
17705844 68531621
45139132 65292270
11885860 76854796
6022858 7370772
52775490 91663767
91290950 29485897
92313834 15292877
16393422 38393089
82808291 66025166
97330543 15779115
67175216 63149698
5859720 89564529
17430726 52011360
2729676 97262350
12651863 78315485
50749797 68973894
15640652 94271855
43627062 48619399
27701202 82439484
55553337 24064026
60685580 55952228
93219080 89640326
57226854 12341224
45163895 94899329
29856009 53296693
93392477 63349396
72280426 44065873
41406324 86804810
62582270 31711905
2558038 68262932
67170056 13178196
45828519 95325884
92800914 86805872
45765458 85826436
2297466 86716791
66971628 8227803
17828515 29577141
23099956 69427643
21490253 61570857
57542588 94330018
63364735 82042126
56801697 76979498
56937377 17725188
61172853 74803271
16729126 35112928
13108798 2528797
60468326 31898893
73420184 43166332
77397641 22415773
51472629 9424633
63769759 65682672
41569797 37663658
5507021 64160511
78359856 86967677
65212579 13862726
40723776 93461557
77461896 6912588
8998428 60562947
93739094 24676304
76428463 50895037
36508163 87918737
26120424 1037757
42465652 75517370
84981722 5940569
18362742 91529193
43758851 427770
83381959 20425947
53613531 72943182
10700214 647264
34318443 35076593
6126761 6347792
96645225 41550517
84385841 41904144
28052200 18708039
22314495 67630935
37504554 60246455
17710216 65598263
15584017 95073810
56575015 66794139
63871561 16979807
40119194 62392692
50526828 3810556
78519235 23942376
87480397 46850343
2195448 59746730
71752672 8542618
99047943 98450789
58029769 40599885
2538185 35759697
8761215 1243487
29628769 27119081
24552733 14951951
16570130 82343603
16409316 88771514
1060158 76168113
15584493 20186607
48180010 5995736
84513827 36980149
20684641 9865529
50714090 95205593
44186724 69916358
10814134 9599212
89298368 60863691
25302239 71779743
58801867 41847324
2364216 81988986
927198 77629013
13805551 79538668
80385162 70083828
77966311 6723234
18326804 52066706
7286540 3079535
13814353 38786368
91069189 10770812
63596013 48922380
74995868 25760600
30372515 72008598
87125182 60051789
83324432 28135815
42756732 60887295
93637539 16189143
75404003 5156845
58339762 5947110
83575317 89370343
58015618 10188300
37138280 47665714
3394820 29874117
60696845 36233593
73814280 28945150
65130974 40230642
35986117 29818968
34725704 78790916
38136534 1837220
79299539 90089219
73181653 18012012
33807952 89731094
39838611 15813550
40869022 83844410
49818353 56751524
92716568 26048863
15356509 62137790
68652958 77434032
43299309 70127794
45420607 17460976
16907281 54458281
87812736 47569664
58253304 98323610
89744203 45776509
83468930 42679732
85487991 70421638
42208221 33321461
59071216 80680603
53399231 52324824
46659203 86137760
42590526 16065579
77521737 7849217
41345359 64625918
20460717 48119793
133337 49105847
14730011 70470091
96709237 655683
90176582 37275545
43763141 86571623
45497622 13597618
83428206 86007093
70500141 59040893
2207411 96683673
20762901 48461396
44081327 79329043
25018120 63259013
87106350 23985791
90956378 45912434
76908073 52992272
10000519 7769048
53214941 30957403
9071317 50672172
16934023 65239183
62598565 80925985
11649470 88515
31838300 68540012
2357352 63555560
65331917 19841898
33999581 79202034
18234471 95671224
64778530 42564255
2224458 19890006
64244900 68319745
3430740 50596801
31500086 93034272
88142665 53861389
45647649 56671649
95286841 57111964
2688594 13506833
23459325 98689912
9568946 50510545
72459091 6507923
98996125 22568026
18614808 45561925
5301178 84078070
13019949 98999753
26004412 88598102
65765448 61306781
68816113 56757069
26245867 11277494
80536174 93951274
48476797 16087180
45063604 86391060
20313606 72454479
31480062 66547089
40989063 85214775
76396585 84147745
94079732 99221497
70495495 84889039
29808981 63818147
37527847 55310179
48522956 60343508
53755146 98723481
35481199 972767
17693183 74230394
81852627 30648163
77421149 77294913
46945569 83404864
8353251 26522652
94212938 96974815
53216576 98657663
18741847 6832920
66937774 47472677
99587550 66918597
90316216 1530789
600720 64535265
10085661 84228781
86230256 36175963
70331853 92721117
45159966 5646461
95730960 32193346
62671570 6730740
87030982 80067949
71211108 47276155
96368585 72883503
31407879 49809192
95079790 92196852
29117462 62935123
48481579 48226746
69054086 94086943
93163090 92984492
4144764 75238822
13504251 63368543
